service_id,monday,tuesday,wednesday,thursday,friday,saturday,sunday,start_date,end_date
160178,1,1,1,1,0,0,0,20251229,20270401
160185,0,0,0,0,1,0,0,20251229,20270401
160341,0,0,0,0,0,1,0,20251224,20270401
160342,0,0,0,0,0,0,1,20251224,20270401
157535,1,1,1,1,0,0,0,20251103,20270401
157536,0,0,0,0,1,0,0,20251103,20270401
157537,0,0,0,0,0,1,1,20251103,20270401
163189,1,1,1,1,0,0,0,20260218,20270401
163196,0,0,0,0,1,0,0,20260218,20270401
134418,0,0,0,0,0,1,0,20240902,20270401
134419,0,0,0,0,0,0,1,20240902,20270401
163193,1,1,1,1,0,0,0,20260218,20270401
163200,0,0,0,0,1,0,0,20260218,20270401
166462,1,1,1,1,1,0,0,20260414,20270401
166464,0,0,0,0,0,1,0,20260413,20270401
166465,0,0,0,0,0,0,1,20260413,20270401
166463,1,1,1,1,1,0,0,20260414,20270401
166466,0,0,0,0,0,1,0,20260413,20270401
166467,0,0,0,0,0,0,1,20260413,20270401
158162,1,1,1,1,1,0,0,20251115,20270401
158163,0,0,0,0,0,1,0,20251115,20270401
158164,0,0,0,0,0,0,1,20251115,20270401
165144,1,1,1,1,1,0,0,20260323,20270401
165145,0,0,0,0,0,1,0,20260323,20270401
165146,0,0,0,0,0,0,1,20260323,20270401
157567,1,1,1,1,1,0,0,20251103,20270401
157568,0,0,0,0,0,1,0,20251103,20270401
157569,0,0,0,0,0,0,1,20251103,20270401
163203,1,1,1,1,1,0,0,20260218,20270401
163815,0,0,0,0,0,1,1,20260218,20270401
158158,1,1,1,1,1,0,0,20251115,20270401
164660,1,1,1,1,1,0,0,20260312,20270401
164662,0,0,0,0,0,1,0,20260312,20270401
164663,0,0,0,0,0,0,1,20260312,20270401
162695,1,1,1,1,1,0,0,20260209,20270401
158160,0,0,0,0,0,1,0,20251115,20270401
158161,0,0,0,0,0,0,1,20251115,20270401
163192,1,1,1,1,0,0,0,20260218,20270401
163199,0,0,0,0,1,0,0,20260218,20270401
157555,1,1,1,1,1,0,0,20251103,20270401
157556,0,0,0,0,0,1,1,20251103,20270401
163205,0,0,0,0,0,1,0,20260218,20270401
163209,0,0,0,0,0,0,1,20260218,20270401
140373,1,1,1,1,1,0,0,20250106,20270401
137294,0,0,0,0,0,1,0,20241101,20270401
137295,0,0,0,0,0,0,1,20241101,20270401
163206,0,0,0,0,0,1,1,20260218,20270401
153967,1,1,1,1,1,0,0,20250901,20270401
165147,1,1,1,1,0,0,0,20260323,20270401
165148,0,0,0,0,1,0,0,20260323,20270401
158167,0,0,0,0,0,1,1,20251115,20270401
152317,0,0,1,0,0,0,0,20250811,20270401
152318,0,0,0,0,0,1,1,20250811,20270401
163933,1,1,1,1,1,0,0,20260225,20270401
163208,0,0,0,0,0,1,1,20260218,20270401
165909,1,1,1,1,1,0,0,20260406,20270401
165911,0,0,0,0,0,1,1,20260406,20270401
165149,1,1,1,1,1,0,0,20260323,20270401
162173,0,0,0,0,0,1,1,20260124,20270401
161796,1,1,1,1,1,0,0,20260119,20270401
161797,0,0,0,0,0,1,1,20260119,20270401
84821,0,0,0,0,0,1,0,20210901,20270401
84822,0,0,0,0,0,0,1,20210901,20270401
69514,1,1,1,1,1,0,0,20200901,20270401
165279,1,1,1,1,1,0,0,20260323,20270401
165281,0,0,0,0,0,1,0,20260323,20270401
165283,0,0,0,0,0,0,1,20260323,20270401
165280,1,1,1,1,1,0,0,20260323,20270401
158168,1,1,1,1,0,0,0,20251115,20270401
158169,0,0,0,0,1,0,0,20251115,20270401
155489,1,1,1,1,1,0,0,20251001,20270401
158170,1,1,1,1,0,0,0,20251115,20270401
158171,0,0,0,0,1,0,0,20251115,20270401
165904,1,1,1,1,1,0,0,20260406,20270401
165905,0,0,0,0,0,1,1,20260406,20270401
165906,1,1,1,1,1,0,0,20260406,20270401
165907,0,0,0,0,0,1,0,20260406,20270401
165908,0,0,0,0,0,0,1,20260406,20270401
165835,0,0,0,0,0,1,1,20260404,20270401
155487,1,1,1,1,1,0,0,20250929,20270401
155488,1,1,1,1,1,0,0,20250929,20270401
165213,1,1,1,1,1,0,0,20260404,20270401
165214,0,0,0,0,0,1,0,20260404,20270401
165215,0,0,0,0,0,0,1,20260404,20270401
137299,1,1,1,1,1,0,0,20241101,20270401
137300,0,0,0,0,0,1,1,20241101,20270401
153974,1,1,1,1,1,0,0,20250901,20270401
153349,0,0,0,0,0,1,0,20250820,20270401
153350,0,0,0,0,0,0,1,20250820,20270401
165556,1,0,0,0,0,0,0,20260329,20270401
165557,0,1,0,0,0,0,0,20260329,20270401
165558,0,0,1,0,0,0,0,20260329,20270401
165559,0,0,0,1,0,0,0,20260329,20270401
165560,0,0,0,0,1,0,0,20260329,20270401
165561,0,0,0,0,0,1,0,20260329,20270401
165624,0,0,0,0,0,0,1,20260329,20270401
137302,1,1,1,1,1,0,0,20241101,20270401
137303,0,0,0,0,0,1,1,20241101,20270401
165623,1,1,1,1,1,0,0,20260404,20270401
149854,1,1,1,1,1,0,0,20250623,20270401
155490,1,1,1,1,1,0,0,20251001,20270401
165836,1,1,1,1,1,0,0,20260404,20270401
165837,0,0,0,0,0,1,0,20260404,20270401
165838,0,0,0,0,0,0,1,20260404,20270401
165839,1,1,1,1,1,0,0,20260404,20270401
165840,0,0,0,0,0,1,1,20260404,20270401
157527,1,1,1,1,1,0,0,20251101,20270401
157528,0,0,0,0,0,1,1,20251101,20270401
159270,1,1,1,1,1,0,0,20251208,20270401
159269,0,0,0,0,0,1,1,20251208,20270401
165970,1,1,1,1,1,0,0,20260404,20270401
165971,0,0,0,0,0,1,1,20260404,20270401
165972,1,1,1,1,1,0,0,20260404,20270401
165973,0,0,0,0,0,1,1,20260404,20270401
156643,1,1,1,1,1,0,0,20251020,20270401
165974,1,1,1,1,1,0,0,20260404,20270401
165975,0,0,0,0,0,1,1,20260404,20270401
163211,1,1,1,1,1,0,0,20260221,20270401
165976,1,1,1,1,1,1,1,20260404,20270401
140931,1,1,1,1,1,0,0,20250112,20270401
140932,0,0,0,0,0,1,1,20250112,20270401
165977,1,1,1,1,1,0,0,20260404,20270401
165978,0,0,0,0,0,1,1,20260404,20270401
148440,1,1,1,1,1,0,0,20250602,20270401
148441,0,0,0,0,0,1,1,20250602,20270401
163213,1,1,1,1,1,0,0,20260221,20270401
140387,0,0,0,0,0,1,1,20250106,20270401
165979,1,1,1,1,1,0,0,20260404,20270401
165980,0,0,0,0,0,1,1,20260404,20270401
158494,1,1,1,1,1,1,0,20251119,20270401
165216,1,1,1,1,1,0,0,20260323,20270401
165217,0,0,0,0,0,1,0,20260323,20270401
165218,0,0,0,0,0,0,1,20260323,20270401