service_id,monday,tuesday,wednesday,thursday,friday,saturday,sunday,start_date,end_date
160178,1,1,1,1,0,0,0,20251229,20270501
160185,0,0,0,0,1,0,0,20251229,20270501
160341,0,0,0,0,0,1,0,20251224,20270501
160342,0,0,0,0,0,0,1,20251224,20270501
157535,1,1,1,1,0,0,0,20251103,20270501
157536,0,0,0,0,1,0,0,20251103,20270501
157537,0,0,0,0,0,1,1,20251103,20270501
163189,1,1,1,1,0,0,0,20260218,20270501
163196,0,0,0,0,1,0,0,20260218,20270501
134418,0,0,0,0,0,1,0,20240902,20270501
134419,0,0,0,0,0,0,1,20240902,20270501
163193,1,1,1,1,0,0,0,20260218,20270501
163200,0,0,0,0,1,0,0,20260218,20270501
166462,1,1,1,1,1,0,0,20260414,20270501
166464,0,0,0,0,0,1,0,20260413,20270501
166465,0,0,0,0,0,0,1,20260413,20270501
166463,1,1,1,1,1,0,0,20260414,20270501
166466,0,0,0,0,0,1,0,20260413,20270501
166467,0,0,0,0,0,0,1,20260413,20270501
158162,1,1,1,1,1,0,0,20251115,20270501
158163,0,0,0,0,0,1,0,20251115,20270501
158164,0,0,0,0,0,0,1,20251115,20270501
165144,1,1,1,1,1,0,0,20260323,20270501
165145,0,0,0,0,0,1,0,20260323,20270501
165146,0,0,0,0,0,0,1,20260323,20270501
157567,1,1,1,1,1,0,0,20251103,20270501
157568,0,0,0,0,0,1,0,20251103,20270501
157569,0,0,0,0,0,0,1,20251103,20270501
163203,1,1,1,1,1,0,0,20260218,20270501
163815,0,0,0,0,0,1,1,20260218,20270501
158158,1,1,1,1,1,0,0,20251115,20270501
164660,1,1,1,1,1,0,0,20260312,20270501
164662,0,0,0,0,0,1,0,20260312,20270501
164663,0,0,0,0,0,0,1,20260312,20270501
162695,1,1,1,1,1,0,0,20260209,20270501
158160,0,0,0,0,0,1,0,20251115,20270501
158161,0,0,0,0,0,0,1,20251115,20270501
163192,1,1,1,1,0,0,0,20260218,20270501
163199,0,0,0,0,1,0,0,20260218,20270501
157555,1,1,1,1,1,0,0,20251103,20270501
157556,0,0,0,0,0,1,1,20251103,20270501
167114,0,0,0,0,0,1,1,20260501,20260503
163205,0,0,0,0,0,1,0,20260218,20270501
163209,0,0,0,0,0,0,1,20260218,20270501
140373,1,1,1,1,1,0,0,20250106,20270501
137294,0,0,0,0,0,1,0,20241101,20270501
137295,0,0,0,0,0,0,1,20241101,20270501
163206,0,0,0,0,0,1,1,20260218,20270501
153967,1,1,1,1,1,0,0,20250901,20270501
165147,1,1,1,1,0,0,0,20260323,20270501
165148,0,0,0,0,1,0,0,20260323,20270501
158167,0,0,0,0,0,1,1,20251115,20270501
152317,0,0,1,0,0,0,0,20250811,20270501
152318,0,0,0,0,0,1,1,20250811,20270501
163933,1,1,1,1,1,0,0,20260225,20270501
163208,0,0,0,0,0,1,1,20260218,20270501
165909,1,1,1,1,1,0,0,20260406,20270501
165911,0,0,0,0,0,1,1,20260406,20270501
167109,1,1,1,1,1,0,0,20260424,20270501
162173,0,0,0,0,0,1,1,20260124,20270501
161796,1,1,1,1,1,0,0,20260119,20270501
161797,0,0,0,0,0,1,1,20260119,20270501
84821,0,0,0,0,0,1,0,20210901,20270501
84822,0,0,0,0,0,0,1,20210901,20270501
69514,1,1,1,1,1,0,0,20200901,20270501
165279,1,1,1,1,1,0,0,20260323,20270501
165281,0,0,0,0,0,1,0,20260323,20270501
165283,0,0,0,0,0,0,1,20260323,20270501
165280,1,1,1,1,1,0,0,20260323,20270501
158168,1,1,1,1,0,0,0,20251115,20270501
158169,0,0,0,0,1,0,0,20251115,20270501
155489,1,1,1,1,1,0,0,20251001,20270501
158170,1,1,1,1,0,0,0,20251115,20270501
158171,0,0,0,0,1,0,0,20251115,20270501
165904,1,1,1,1,1,0,0,20260406,20270501
165905,0,0,0,0,0,1,1,20260406,20270501
165906,1,1,1,1,1,0,0,20260406,20270501
165907,0,0,0,0,0,1,0,20260406,20270501
165908,0,0,0,0,0,0,1,20260406,20270501
165835,0,0,0,0,0,1,1,20260404,20270501
155487,1,1,1,1,1,0,0,20250929,20270501
155488,1,1,1,1,1,0,0,20250929,20270501
165213,1,1,1,1,1,0,0,20260404,20270501
165214,0,0,0,0,0,1,0,20260404,20270501
165215,0,0,0,0,0,0,1,20260404,20270501
137299,1,1,1,1,1,0,0,20241101,20270501
137300,0,0,0,0,0,1,1,20241101,20270501
153974,1,1,1,1,1,0,0,20250901,20270501
153349,0,0,0,0,0,1,0,20250820,20270501
153350,0,0,0,0,0,0,1,20250820,20270501
165556,1,0,0,0,0,0,0,20260329,20270501
165557,0,1,0,0,0,0,0,20260329,20270501
165558,0,0,1,0,0,0,0,20260329,20270501
165559,0,0,0,1,0,0,0,20260329,20270501
165560,0,0,0,0,1,0,0,20260329,20270501
165561,0,0,0,0,0,1,0,20260329,20270501
165624,0,0,0,0,0,0,1,20260329,20270501
137302,1,1,1,1,1,0,0,20241101,20270501
137303,0,0,0,0,0,1,1,20241101,20270501
165623,1,1,1,1,1,0,0,20260404,20270501
149854,1,1,1,1,1,0,0,20250623,20270501
155490,1,1,1,1,1,0,0,20251001,20270501
165836,1,1,1,1,1,0,0,20260404,20270501
165837,0,0,0,0,0,1,0,20260404,20270501
165838,0,0,0,0,0,0,1,20260404,20270501
165839,1,1,1,1,1,0,0,20260404,20270501
165840,0,0,0,0,0,1,1,20260404,20270501
167115,0,0,0,0,0,1,1,20260501,20270501
157527,1,1,1,1,1,0,0,20251101,20270501
167116,1,1,1,1,1,0,0,20260501,20270501
167117,0,0,0,0,0,1,1,20260501,20270501
165970,1,1,1,1,1,0,0,20260404,20270501
165971,0,0,0,0,0,1,1,20260404,20270501
167110,1,1,1,0,1,0,0,20260423,20270501
167111,0,0,0,1,0,0,0,20260423,20270501
165973,0,0,0,0,0,1,1,20260404,20270501
167112,1,1,1,1,1,0,0,20260427,20270501
165974,1,1,1,1,1,0,0,20260404,20270501
165975,0,0,0,0,0,1,1,20260404,20270501
163211,1,1,1,1,1,0,0,20260221,20270501
165976,1,1,1,1,1,1,1,20260404,20270501
140931,1,1,1,1,1,0,0,20250112,20270501
140932,0,0,0,0,0,1,1,20250112,20270501
165977,1,1,1,1,1,0,0,20260404,20270501
165978,0,0,0,0,0,1,1,20260404,20270501
167113,1,1,1,1,1,0,0,20260427,20270501
148441,0,0,0,0,0,1,1,20250602,20270501
163213,1,1,1,1,1,0,0,20260221,20270501
140387,0,0,0,0,0,1,1,20250106,20270501
165979,1,1,1,1,1,0,0,20260404,20270501
165980,0,0,0,0,0,1,1,20260404,20270501
158494,1,1,1,1,1,1,0,20251119,20270501
165216,1,1,1,1,1,0,0,20260323,20270501
165217,0,0,0,0,0,1,0,20260323,20270501
165218,0,0,0,0,0,0,1,20260323,20270501